100.5
2.5
0.5
1.5
1.5
1.5
3.5
1.5
3.5
3.5
0.5
0.5
2.5
3.5
3.5
3.5
0.5
3.5
1.5
2.5
2.5
1.5
3.5
2.5
2.5
1.5
2.5
1.5
1.5
5.5
238.5
306.5
130.0
287.5
76.5
58.5
402.5
185.0
41.0
88.5
36.5
28.5
295.0
36.0
195.5
9.5
500.0
42.5
500.0
5.0
47.5
500.0
19.0
499.5
66.0
24.5
499.5
14.0
30.5
60.0
2.5
3.5
3.5
1.5
0.5
96.5
5.5
7.5
89.5
17.5
9.5
3.5
3.5
107.5
2.5
11.5
22.5
165.5
102.5
16.5
10.5
3.5
3.5
13.5
3.5
6.5
0.5
4.5
1.5
3.5
80.0
9.5
9.0
14.0
1774.0
1153.5
1574.5
34.0
82.5
745.5
1576.5
84.5
1828.0
594.0
1063.5
87.5
439.5
61.0
114.0
67.0
1719.0
229.0
24.5
167.5
187.5
206.0
58.0
177.5
22.0
149.5
3.5
72.5
1.5
4.5
12.5
2.5
59.5
2.5
1.5
94.5
24.5
6.5
4.5
102.5
74.5
22.5
0.5
4.5
4.5
4.5
7.5
90.5
8.5
153.5
24.5
5.5
111.5
3.5
2.5
8.5
1763.5
90.5
468.0
404.0
160.5
2013.5
1579.5
2458.0
1323.0
234.5
5508.5
438.5
155.0
345.5
110.5
3044.5
978.5
278.0
76.5
286.0
298.0
321.5
171.0
1952.5
573.5
142.0
406.5
468.0
101.0
2644.5
100.302742
100.354571
2.712932
100.324673
100.302742
0.979796
100.352578
100.302742
100.316699
100.338627
3.1241
163.627137
100.30673
3.1241
100.302742
1.16619
7.110556
100.338627
3.6
100.308723
100.302742
100.308723
163.634471
163.634471
100.320686
100.324673
2.638181
100.338627
3.1241
100.464123
212.349146
255.717344
254.951289
209.686433
254.111786
195.809499
198.487884
218.899612
248.44283
227.997368
163.323728
198.004646
198.501788
227.50033
218.154441
187.656068
310.227658
153.70283
141.609887
226.264801
230.126574
164.417761
176.027725
161.711595
152.556088
160.100468
173.496282
168.766821
176.862206
169.151293
1.720465
1000.309672
642.907272
3.1241
1000.309272
2.638181
1000.307273
3.6
1000.301475
1000.304874
170.912141
1000.300875
226.902093
1000.300875
1000.301475
1000.311471
1000.302474
528.901654
619.41566
1000.305273
4.166533
3.762978
468.429461
3.762978
4.166533
3.762978
3.310589
3.762978
871.910638
630.418083
2041.547354
2124.529934
1377.014364
1345.036
1102.389949
1141.279528
1299.951938
842.2857
1758.823425
1043.712872
918.694857
1273.175463
1261.602536
1330.819206
1229.191214
1668.704647
1288.15083
927.032556
702.233465
1404.982192
1365.712268
1250.886885
1392.20826
1363.486472
1367.785363
2267.26496
724.53748
909.507911
940.763817
1231.478851
1184.403546
955.901543
724.90369
332.167066
546.919153
1254.91536
1036.901423
1099.261825
569.925048
659.41471
1064.560454
4.166533
3.762978
4.166533
3.762978
1840.551374
615.419987
593.421739
4.707441
4.707441
3.762978
3.762978
2.993326
622.410604
4.833218
5.230679
598.795925
625.400799
2094.560517
624.907801
5120.267805
4965.53355
3823.645245
3924.298796
3955.942972
3587.125367
3425.75629
3337.301748
3648.778426
2966.311204
6762.716507
2282.190755
3007.172892
6102.693517
4859.910905
2959.499187
3913.043184
3886.528497
3732.295562
3411.408003
3989.294324
2062.383708
4033.945186
3223.523997
3780.581299
4741.94059
3683.606743
3126.319459
6885.776023
3754.988117
65.913883
153.059988
122.863379
122.852798
122.844658
153.065868
153.065868
122.851984
122.845472
100.40737
82.064913
65.868354
122.857682
122.851984
122.857682
123.055313
82.060039
122.865007
122.844658
153.070441
122.847914
122.862565
122.84303
100.50199
53.321759
55.073496
50.448092
153.075668
66.065422
82.5
167.202303
181.723114
200.512244
173.961634
203.015394
216.870676
225.180128
206.766753
300.0
222.34408
198.513501
197.689276
197.266546
205.242905
233.546655
198.197603
219.531979
189.206131
182.63135
296.292018
165.770594
215.395102
145.067605
201.860373
238.462492
244.519447
219.384343
153.819895
219.972817
300.0
1198.534226
1163.5307
2000.203612
592.299325
896.509877
1225.115835
844.607222
1102.076876
836.319251
418.539078
495.35135
1111.402735
542.955394
992.330736
1028.710474
1527.83198
1283.342059
974.80534
1208.43186
7.777532
784.386442
330.672481
771.81571
8.043009
468.033289
855.2906
381.355687
373.524417
623.70962
536.463568
1420.258248
2567.275124
1590.612272
1534.323046
1720.242835
1290.24097
1851.432421
1946.146613
1451.999366
2236.453641
1591.044465
1678.548051
2226.799158
2241.981989
1448.143929
1539.881801
1872.106792
1494.42686
1956.725747
2006.015007
1469.840957
2246.101289
2260.186986
2169.906424
2151.8652
1415.936754
1770.23377
2501.318702
2225.684335
2295.018118
1863.094171
324.341934
588.417105
806.309674
1085.965603
1716.785744
2938.133198
1428.30182
1395.295126
732.073828
421.324815
325.477019
93.156267
195.577325
420.110093
693.84486
1480.963163
329.538905
280.938944
1433.438555
485.917987
713.33687
337.495022
1981.985341
653.917342
449.024821
530.329039
192.191285
746.160231
811.52849
2575.392832
3794.22216
3775.905969
2662.871535
4504.32969
3559.933595
3713.010051
4208.906676
3362.978703
3540.803553
4880.416959
4195.115989
3039.737127
4004.644524
4335.302607
3915.564251
3245.275267
3398.863722
6044.414863
2983.510282
4286.654744
2545.065502
3715.461936
5478.020139
5763.128053
2961.301959
3468.148245
3535.208459
5837.159861
4356.912985
4.5
0.5
4.5
1.5
2.5
2.5
2.5
3.5
2.5
4.5
2.5
1.5
4.5
2.5
0.5
3.5
3.5
5.5
5.5
5.5
0.5
7.5
8.5
500.0
1.5
0.5
3.5
2.5
2.5
0.5
500.0
217.5
489.5
489.5
144.5
81.5
499.5
233.5
318.5
176.5
74.5
64.5
301.5
408.5
376.5
206.5
276.5
161.5
35.5
167.5
498.5
353.5
91.5
50.5
369.5
168.5
483.5
340.5
381.5
124.5
4.5
3.5
1.5
4.5
7.5
1.5
72.5
4.5
69.5
4.5
86.5
3.5
94.5
3.5
4.5
1.5
1.5
1.5
4.5
1.5
5.5
0.5
9.5
74.5
0.5
3.5
2.5
7.5
3.5
5000.0
1900.5
1166.5
1215.5
1848.5
1264.5
3589.5
2482.5
3525.5
3326.5
4239.5
2332.5
1883.5
1128.5
1773.5
672.5
2556.5
1067.5
1266.5
1608.5
885.5
1632.5
1605.5
235.5
1777.5
1495.5
2113.5
1279.5
72.5
540.5
1118.5
5.5
60.5
2.5
2.5
2.5
2.5
1.5
0.5
7.5
2.5
4.5
2.5
126.5
8.5
5.5
7.5
4.5
3.5
2.5
4.5
3.5
8.5
22.5
4.5
5.5
4.5
6.5
3.5
3.5
5.5
1024.5
5106.5
3377.5
90.5
3257.5
1927.5
1985.5
3847.5
2390.5
1812.5
2792.5
3310.5
2858.5
3662.5
1281.5
4349.5
268.5
2261.5
978.5
2194.5
1875.5
1060.5
1082.5
899.5
3370.5
2916.5
1000.5
1750.5
2011.5
253.5
2.638181
100.352578
100.302742
1.6
100.338627
2.135416
100.338627
2.638181
100.338627
100.302742
100.338627
2.227106
163.700458
100.302742
100.324673
100.302742
1.6
163.627137
100.338627
1.16619
100.314705
100.30673
1.6
100.314705
100.308723
100.324673
2.638181
100.324673
100.302742
100.336633
230.258637
322.732459
261.771351
190.96031
191.126555
251.315419
216.35286
156.014871
74.300471
191.279481
278.513483
163.081084
80.809405
198.557397
269.374535
96.625876
203.997647
173.050975
146.314182
370.752424
266.926657
142.530558
223.894261
136.849406
142.73556
186.78501
284.379605
223.691395
183.487983
82.579416
1000.300275
911.903153
1000.300275
690.900688
1088.636468
368.08988
1000.303674
1000.300875
1000.300275
2.993326
289.441808
599.912127
318.690696
621.902372
625.912582
404.402473
1000.300675
1000.302874
608.910305
1000.300875
613.912176
380.911748
1000.300275
1003.312394
615.912786
2.481935
608.910305
467.915548
618.41423
3.310589
1470.286312
807.92064
1715.462806
1078.721762
229.79852
767.426192
1027.222936
667.352201
540.435158
931.584972
981.917186
1064.13563
1224.421921
1234.178042
842.358926
1118.3412
1067.603222
1298.913638
1152.655126
1068.164894
2008.130036
907.296732
1137.915041
1173.43114
452.179787
584.121357
1048.793898
1294.834599
873.226981
776.918632
1048.90541
1057.901583
1990.456068
580.414817
5.153639
3.310589
616.401622
513.918048
790.424544
4.955805
1226.447292
1203.901225
616.410707
3.762978
1.939072
7.934734
3.429286
3.249615
3.815757
3.762978
485.415863
559.413765
4.707441
324.403083
521.902826
619.911736
3.709447
492.525086
573.421451
938.202835
5196.577974
3138.661906
2980.977249
2761.607315
2784.954319
5090.271097
5203.287937
2425.972663
1885.564361
7571.619969
2998.818861
3493.839802
2050.838697
4736.981081
2007.068649
3736.531311
2883.563726
3373.779507
4033.727279
6009.557208
2567.407439
4371.586184
430.965613
1198.344592
1997.335365
2242.469656
1299.647244
1147.708744
2361.767508
2125.124316
65.874426
122.857682
153.062602
122.851984
100.40239
122.847914
122.845472
122.84303
153.062602
122.847914
122.849542
153.058682
153.059988
153.074361
82.073443
122.84303
82.060039
153.062602
122.851984
153.062602
122.847914
153.062602
122.857682
122.845472
153.062602
122.845472
153.062602
122.845472
153.065868
33.95821
127.753082
168.079297
190.55225
259.357977
166.224427
227.046273
141.243195
128.503074
179.355401
190.938341
154.578815
133.62713
106.149187
111.925154
167.538085
135.363363
156.324534
169.518023
197.490785
167.350411
114.845331
162.413177
137.365971
146.067929
237.208959
163.163752
185.417475
215.00886
187.816426
272.233888
789.948536
1225.112652
439.76421
895.140911
555.002306
535.108596
770.764484
333.6006
639.416992
777.849368
385.116723
340.028955
43.907744
1167.239586
740.930334
2000.200012
1195.775853
711.714613
1157.400143
594.920171
531.166838
461.382878
1082.394586
425.831293
1190.799819
69.334623
1315.549224
448.653274
609.318874
819.35114
1561.143312
1663.31675
1467.548309
2368.969514
1701.977744
1569.499908
1708.068807
1261.97347
2073.390788
1595.610654
2000.591535
2217.212971
1689.528221
791.288323
1321.075853
1899.821847
1221.414852
1141.125076
1237.86059
1662.828482
1270.250609
1782.153147
1605.165353
1313.869796
1887.602861
1196.583069
1405.186123
1498.009616
1256.63973
1598.419019
353.918479
1626.484211
607.281887
537.260542
464.759174
700.714271
528.409964
1470.20301
892.273775
182.160067
683.338489
790.274313
785.200287
3110.501807
2321.069256
9000.0
1795.958098
322.767858
899.74757
735.131342
415.026614
381.255675
515.711828
377.748713
517.559552
287.501809
1129.922515
304.118217
2831.494851
780.14889
2535.966317
3129.630874
2751.548366
3982.00563
1778.500031
9000.0
1960.444799
2454.569145
2142.557651
2528.856937
4724.299402
2307.547505
3901.277129
3278.333511
3409.373104
3074.685603
3133.047796
3517.969619
3525.707079
2221.994872
2382.410756
2980.897422
3330.965393
2103.93421
1476.750043
1830.987332
3227.134985
2015.935418
3811.875895
3624.219432
2.5
3.5
3.5
5.5
1.5
3.5
3.5
3.5
2.5
2.5
2.5
2.5
2.5
2.5
4.5
1.5
1.5
1.5
1.5
2.5
2.5
1.5
0.5
2.5
2.5
4.5
1.5
1.5
2.5
2.5
143.0
499.5
232.0
40.0
62.0
108.5
29.0
17.5
216.0
391.5
86.0
4.5
51.0
11.5
375.5
137.0
24.0
6.0
179.5
499.5
473.0
141.5
499.5
18.5
134.0
155.5
251.0
89.0
329.0
60.0
2.5
2.5
3.5
3.5
1.5
2.5
3.5
1.5
4.5
5.5
4.5
5.5
3.5
3.5
7.5
4.5
3.5
6.5
3.5
3.5
15.5
18.5
0.5
7.5
1.5
3.5
0.5
1.5
0.5
5.5
913.0
886.0
198.5
45.5
1034.0
780.5
1.5
2384.0
430.0
272.5
490.5
733.0
1114.5
631.5
802.0
1329.5
1214.0
420.5
481.0
315.0
523.0
337.5
492.5
377.0
2262.0
83.0
1388.5
484.5
507.5
1359.0
0.5
5.5
3.5
2.5
3.5
17.5
3.5
0.5
8.5
3.5
3.5
7021.5
1.5
1.5
15000.0
15000.0
15000.0
15000.0
7.5
10.5
1.5
2.5
13.5
7.5
8.5
3.5
13.5
22.5
0.5
0.5
283.0
3170.0
149.0
2891.5
522.5
4953.5
15000.0
15000.0
482.0
3284.5
891.0
428.0
2549.0
564.0
2359.5
3688.5
2120.0
1208.5
117.5
2642.0
72.0
3733.5
633.5
3532.0
1886.0
2782.0
3328.5
15000.0
592.0
2544.5
4.621688
2.135416
1.720465
0.748331
0.748331
2.135416
1.720465
3.762978
1.720465
400.0
245.199021
1.32665
1.32665
1.16619
245.194127
2.135416
7.110556
1.16619
2.135416
3.187475
1.16619
245.194127
1.32665
245.194127
5.114685
2.227106
0.748331
3.1241
1.720465
2.135416
118.078618
163.417747
165.053204
207.718463
124.074171
171.611888
148.364955
135.981763
254.90359
146.948426
149.190616
132.140229
173.918832
73.204918
197.996364
102.433588
139.472721
238.77303
164.957449
133.547894
167.356386
145.965201
203.148616
217.640621
140.940555
240.318955
192.0125
400.0
119.286881
208.685793
1633.319883
4000.0
6.112283
4000.0
3.1241
2.925748
2.925748
2.638181
1712.315111
1.469694
3.1241
3.1241
2.638181
1.16619
6.046487
2.315167
3.1241
3.1241
1.16619
3.1241
1.16619
1.16619
8.084553
3.1241
4.707441
0.748331
2449.734875
0.748331
0.748331
2.638181
4000.0
4000.0
4000.0
1389.902961
1427.127941
940.296847
706.142195
1057.128072
1409.717362
1332.455538
1209.383215
695.932353
1082.278042
1021.608027
1106.361894
788.89685
1316.133732
1262.381495
1163.020791
1010.670589
1287.504159
1127.954148
4000.0
1143.134708
876.931331
729.894349
1043.451005
1090.136028
963.749843
1417.423776
3.37046
0.748331
0.748331
0.748331
0.979796
2.638181
3.1241
4899.306139
1.32665
2.638181
1.720465
1.16619
0.748331
12000.0
12000.0
12000.0
7.62627
6177.673238
1.16619
4.621688
1.720465
2.227106
3.187475
2.712932
4.118252
3.187475
12000.0
4899.306261
0.748331
5.635601
2115.871017
2564.606278
2687.650543
3226.165675
2920.150928
2269.888244
3996.477499
3020.050026
2389.56242
2596.865387
2385.925095
3072.916296
3331.560739
2309.051875
2483.032904
2802.833024
2762.257265
3088.763999
2120.563416
12000.0
3424.835354
2520.785671
2855.340372
12000.0
3764.187211
3400.791814
12000.0
2167.531813
2837.364312
3851.012573
122.848728
1.220656
3.330165
122.849542
0.7
153.060642
2.071232
1.920937
3.910243
2.385372
300.0
1.445683
2.118962
3.112876
4.08534
200.203122
3.112876
2.118962
4.721229
200.203122
5.467175
1.868154
5.647123
1.75784
2.808914
8.043009
1.640122
3.04795
0.7
2.586503
210.933188
138.097828
170.41071
205.868915
176.222473
170.042965
156.748078
174.85697
149.195844
179.422964
190.82623
197.939006
179.30725
163.315768
150.656032
203.865372
138.463894
146.174861
143.085848
146.646377
149.801903
155.776763
187.674719
192.860183
171.268327
300.0
207.568037
300.0
188.036273
193.875837
1.3
3000.0
4.392038
3.726929
4.158125
2.662705
8.129576
3.112876
3.176476
3.884585
3.080584
1.813836
2.947881
2.211334
3.112876
2.624881
3.562303
2.879236
3000.0
3000.0
3000.0
3000.0
3000.0
3000.0
2.426932
4.323193
1225.112407
3000.0
4.805206
1.135782
1277.970191
1531.446078
1355.428803
1458.869909
1201.944491
1342.297359
1144.28198
1895.732682
1187.049489
924.312956
1052.250545
1229.847425
1280.038906
1305.389505
1271.073487
1302.262604
1263.725291
1953.14481
1609.137533
1051.108791
1107.290066
1571.552624
1224.146155
852.264489
1552.854134
985.850095
1390.727597
1222.554232
1412.083726
1414.927263
0.7
1.374773
1.640122
9000.0
2.507987
3.238827
1.513275
4900.907897
2.385372
3.645545
1.640122
4.229657
3.04795
3.986226
8553.762363
0.943398
0.7
2.385372
2.118962
1.920937
0.7
3000.400813
3.448188
1.640122
2.947881
9000.0
4.988988
9000.0
4.846648
4.504442
3129.729511
9000.0
4069.508943
9000.0
3034.315608
3367.52818
4087.468185
3881.608333
3034.518823
2084.492322
3336.400349
3060.549168
3096.099173
4693.360668
2540.922305
3045.741061
4493.882424
3932.912946
3694.410232
6708.123958
3404.830163
9000.0
3197.083821
3710.996227
3490.433274
3709.48506
6651.508118
6031.05351
3480.865308
9000.0
5.5
2.5
3.5
20.5
1.5
1.5
1.5
1.5
1.5
1.5
1.5
1.5
6.5
1.5
1.5
2.5
1.5
0.5
1.5
4.5
1.5
2.5
1.5
1.5
0.5
1.5
0.5
1.5
1.5
1.5
186.5
17.5
307.5
167.5
102.5
41.5
499.5
257.5
310.5
356.5
268.5
352.5
211.5
452.5
76.5
499.5
205.5
113.5
417.5
20.5
38.5
43.5
499.5
148.5
38.5
289.5
499.5
385.5
483.5
66.5
1.5
17.5
2.5
0.5
2.5
16.5
3.5
3.5
0.5
2.5
3.5
4.5
2.5
2.5
2.5
3.5
0.5
2.5
1.5
6.5
1.5
2.5
2.5
6.5
0.5
2.5
2.5
2.5
2.5
2.5
1297.5
461.5
1943.5
1807.5
817.5
1527.5
221.5
77.5
2161.5
1215.5
232.5
206.5
108.5
1244.5
271.5
1494.5
978.5
2170.5
491.5
104.5
104.5
471.5
149.5
1581.5
220.5
1276.5
1256.5
1238.5
317.5
1679.5
1.5
6.5
0.5
3.5
0.5
2.5
0.5
0.5
0.5
0.5
10.5
15000.0
15000.0
10739.5
15000.0
2.5
2.5
15000.0
4.5
0.5
0.5
1.5
2.5
6.5
13.5
0.5
3.5
14.5
2.5
1.5
7944.5
1796.5
2376.5
2869.5
1519.5
2526.5
1148.5
1083.5
3880.5
3061.5
1580.5
15000.0
283.5
372.5
226.5
4993.5
4702.5
857.5
732.5
517.5
2534.5
523.5
2200.5
195.5
1535.5
398.5
2461.5
460.5
36.5
2522.5
3.655133
1.16619
245.194127
1.720465
3.1241
1.16619
4.118252
2.135416
2.227106
2.135416
2.638181
4.621688
2.638181
1.720465
3.1241
1.469694
0.748331
3.655133
2.135416
2.638181
2.135416
2.135416
4.621688
0.748331
3.187475
1.16619
2.638181
2.638181
5.114685
1.720465
165.759344
400.0
400.0
219.923077
160.477288
249.618429
143.066977
211.269875
400.0
233.684745
321.742381
266.713629
194.760776
245.218596
194.719696
328.202011
254.277329
272.735476
115.746965
400.0
260.332403
197.578744
220.863216
102.315981
222.92815
256.250971
82.091169
328.984133
234.417064
182.210208
2.638181
2449.734712
3.249615
4000.0
0.748331
4.621688
5.114685
2.638181
11.106755
4.621688
4000.0
0.979796
5.114685
4000.0
2.638181
7.110556
1000.300875
2449.734712
3.1241
4000.0
2332.420425
1118.188285
3.1241
0.748331
1100.345691
0.748331
2449.739284
3.1241
2.638181
4.166533
963.779933
1696.091908
1158.372203
1018.779544
526.904697
1264.712363
901.010411
1614.185912
1933.859829
1222.5991
1202.940963
1515.619002
1641.017416
1751.229671
1881.835211
1369.404747
1191.918521
1106.162086
840.810419
1153.292261
1280.544634
1342.431138
1288.137167
1094.903539
1348.797894
4000.0
4000.0
978.583548
881.39081
1342.473002
3.1241
7.110556
5.114685
3.655133
2.638181
12000.0
12000.0
12000.0
12000.0
9253.133428
2.481935
1.720465
5.635601
3859.472638
0.748331
12000.0
2.638181
1.16619
11.805084
12000.0
3.1241
12000.0
1.939072
3.655133
1.16619
0.748331
12000.0
2.135416
3.1241
3771.644289
1709.09314
7348.719899
3121.529587
6544.283692
5731.429441
10631.934018
7349.236216
11976.414428
2436.780778
5581.463091
2590.803999
2879.448794
2551.519343
2987.542964
8543.077488
2847.168025
12000.0
2676.319966
7732.93987
2938.39544
2266.112036
2343.323059
6478.940055
3921.787929
1467.230916
2859.155917
2439.293701
3538.877076
4505.001727
2986.69057
300.0
300.0
153.058682
300.0
200.203122
300.0
300.0
300.0
1.445683
2.118962
2.211334
7.712976
1.920937
1.220656
1.640122
153.058682
200.206119
122.84303
300.0
300.0
300.0
300.0
300.0
300.0
5.647123
200.200125
2.507987
1.813836
2.071232
153.090039
300.0
300.0
300.0
89.081087
233.365293
300.0
144.640554
300.0
300.0
192.110099
300.0
300.0
62.940369
199.69329
300.0
300.0
300.0
300.0
300.0
91.928722
158.854304
166.236248
169.685857
165.661371
91.175051
113.280581
102.22079
269.82233
300.0
151.707251
8.722958
4.570558
1.813836
0.7
2000.200112
0.7
4.109745
0.943398
2.426932
2.507987
3.419064
1.75784
4.908156
3.080584
2000.200012
2000.230009
17.043767
2.808914
4.592385
4.846648
3.330165
5.43047
6.472248
1.445683
5.262129
3000.0
0.7
0.538516
1.640122
1.75784
1206.707873
3000.0
929.690104
859.231802
560.481481
871.687496
765.718284
953.352868
973.569047
899.824811
889.363194
1330.279253
1007.70655
895.385889
944.199709
915.117965
1050.762813
702.185367
760.434409
1206.733728
851.066325
798.178357
841.92606
916.177434
1090.785813
1117.733282
691.931275
947.92842
1086.621135
3000.0
4.109745
2.385372
9000.0
1.920937
1.868154
1.044031
2.7
1.920937
4.346263
0.943398
3.238827
3.112876
4.742362
2.165641
2.211334
2.91376
7991.320402
2.165641
2.118962
2.211334
1.135782
0.943398
1.972308
0.943398
3.176476
4042.847735
9000.0
2.507987
1.868154
4582.882124
4517.667098
3073.391561
3126.285798
2470.522959
2838.582091
2363.652574
2373.563879
2763.307853
1882.652302
2514.059882
3191.918121
6274.904155
9000.0
4769.936578
2959.216939
2799.990695
2709.53171
3833.163972
3692.367995
2051.959427
2381.995821
3312.525878
4615.258
9000.0
3938.619302
3405.791992
9000.0
6186.417258
4251.624306
2035.07663
0.5
1.5
4.5
6.5
2.5
0.5
3.5
3.5
4.5
4.5
2.5
3.5
3.5
3.5
3.5
0.5
3.5
2.5
0.5
3.5
3.5
3.5
0.5
4.5
1.5
2.5
3.5
2.5
3.5
3.5
410.0
499.5
224.0
176.0
211.0
192.0
200.5
198.0
82.5
72.5
21.0
25.5
499.5
20.5
11.5
84.5
181.5
14.5
49.5
84.5
396.0
353.5
233.5
249.0
60.0
24.5
97.0
106.0
358.5
39.0
8.5
2.5
1.5
6.5
0.5
1.5
5.5
0.5
0.5
0.5
5.5
5000.0
0.5
19.5
6.5
2.5
0.5
2.5
2.5
1.5
18.5
5000.0
0.5
0.5
4.5
4.5
5.5
4.5
8.5
5.5
112.5
243.0
965.0
805.5
254.0
1340.0
1702.0
1143.5
1634.5
938.5
309.0
1030.5
576.5
241.5
390.0
350.0
949.5
602.0
144.5
486.5
245.0
1529.0
258.0
302.0
722.0
286.5
1150.5
38.5
5000.0
183.5
12.5
3.5
9.5
2.5
5.5
15000.0
7.5
5.5
18.5
13.5
4.5
6.5
59.5
12.5
5.5
4.5
14.5
0.5
7.5
1.5
4.5
0.5
2.5
4.5
0.5
31.5
0.5
4.5
3.5
5.5
434.5
3299.0
15000.0
222.5
1777.0
2054.5
196.5
4440.5
389.0
717.5
1534.5
393.0
1510.5
1224.0
1813.5
2398.5
417.0
1920.0
834.5
31.5
455.5
641.5
2539.0
1244.5
324.5
3662.0
2067.5
10933.5
2456.5
120.0
11.106755
2.638181
2.638181
2.638181
4.621688
245.472931
7.62627
1.720465
0.748331
4.621688
5.114685
3.655133
2.135416
2.638181
1.16619
4.621688
245.194127
2.135416
2.227106
5.6
2.135416
2.135416
1.16619
2.638181
400.0
245.203915
6.112283
0.748331
2.638181
1.720465
182.558922
216.901452
400.0
400.0
156.504824
260.470037
125.988253
171.586247
249.53076
143.973053
131.073415
203.877414
174.731794
157.889328
233.919644
400.0
133.051268
171.786612
249.561535
246.271882
400.0
269.073522
262.348928
212.960654
172.244013
211.683348
216.518452
197.461287
272.807625
229.384394
1.6
10.60943
3496.402746
0.748331
0.748331
1000.302674
1.720465
0.748331
1.16619
4.118252
5.114685
0.748331
4000.0
1.469694
2449.735692
0.748331
4000.0
0.748331
1.720465
2.315167
1000.300275
3.762978
4000.0
4.621688
1965.435992
3.187475
29.417002
2.227106
2.638181
1.16619
1043.767407
4000.0
1274.417828
743.38227
671.585765
1370.943091
4000.0
4000.0
4000.0
1238.901675
4000.0
2619.572591
1335.865053
1066.761154
1546.684713
1558.431083
2463.813223
2604.054869
1554.514278
692.217769
1102.846209
1318.910308
2479.235721
4000.0
1015.874677
983.966138
1444.690638
4000.0
1723.31773
2703.332388
3687.957245
2.135416
2.638181
3.187475
1.720465
5.114685
9.620811
4.118252
3.655133
0.748331
2.135416
1.32665
0.748331
7135.654269
7348.715001
1.16619
2.135416
1.16619
2.135416
1.720465
2.638181
2.785678
1.32665
2.638181
1.469694
4899.306424
4.791659
2.638181
2.135416
0.748331
3199.669758
3983.440844
5870.052313
3702.375961
2873.800313
3362.958376
2088.955663
2332.00789
6069.018451
2844.056047
7734.018273
2873.950772
3455.75998
2555.565253
4171.324058
3504.57501
2940.843049
3728.56559
2527.024369
8364.396083
6507.65299
6757.437692
4003.869808
7416.784629
2303.115247
7387.410523
2944.671296
7493.884269
2560.695499
7568.879706
0.830662
3.832754
8.371977
1.513275
3.112876
1.920937
82.062476
6.122908
2.808914
5.43047
1.577973
123.23153
3.50571
65.895675
3.464102
6.729785
0.7
3.330165
5.243091
2.947881
122.847914
1.868154
7.634789
3.330165
2.947881
6.862215
4.482187
4.825971
1.640122
1.220656
174.648676
185.130765
207.49641
121.038052
191.757034
179.919454
167.144728
182.353064
173.286612
212.860612
173.021502
223.446548
175.562211
148.805107
198.401638
300.0
181.377617
187.670989
149.86981
178.631576
300.0
173.554746
199.162346
185.916756
123.510688
217.096315
300.0
300.0
300.0
198.842048
6.106554
2000.200012
3.884585
2.467793
3.014963
0.943398
3000.0
1225.114121
3.419064
1.220656
4.846648
4.908156
0.943398
2.879236
1.513275
3.330165
3.910243
1.414214
1.75784
4.060788
1.220656
1.513275
1.044031
1.75784
2.662705
2.624881
2.736786
1.972308
1225.112407
3000.0
875.101228
1087.879037
1068.844067
963.753397
1056.050591
1263.880726
1575.816119
998.818923
951.08793
1276.028432
1180.760979
1307.514803
1123.164053
983.088012
1347.42271
1184.015051
1818.326307
3000.0
1145.148741
2133.96791
1265.102371
1096.36317
1904.191534
1533.432975
3000.0
1361.547829
1258.131873
1783.244462
596.819412
1830.231682
4.109745
2.165641
0.943398
1.813836
0.943398
2.211334
1.7
6000.201204
3.080584
1.920937
1.75784
0.7
1.972308
1.813836
2.211334
1.640122
1.868154
0.943398
4582.881687
1.972308
2.808914
857.007637
5.43047
1.577973
8.383913
2.118962
0.943398
2.343075
5.485435
6538.181038
3368.0682
3747.954974
3966.841494
3617.109614
3046.358193
4176.922993
3914.553038
3788.014838
3419.602411
2976.215626
3631.91864
4777.326508
4576.967914
3262.832169
5738.525947
2301.630544
3781.129297
2333.683389
6700.634239
1497.375387
6007.832957
3279.658856
6555.868245
2925.37701
3693.32252
3012.107583
4290.173224
3895.583828
3986.020909
9000.0
3.5
1.5
1.5
2.5
1.5
1.5
2.5
1.5
2.5
2.5
1.5
1.5
1.5
2.5
2.5
0.5
2.5
3.5
2.5
1.5
2.5
2.5
2.5
2.5
2.5
5.5
1.5
1.5
2.5
2.5
253.5
68.5
316.5
411.5
199.5
206.5
31.5
387.5
499.5
228.5
499.5
277.5
340.5
181.5
499.5
304.5
25.5
304.5
9.5
333.5
499.5
499.5
15.5
35.5
499.5
134.5
499.5
431.5
99.5
327.5
1.5
2.5
3.5
1.5
2.5
1.5
0.5
1.5
1.5
0.5
2.5
5.5
4.5
3.5
6.5
4.5
3.5
3.5
4.5
4.5
2.5
1.5
0.5
3.5
2.5
3.5
0.5
0.5
9.5
1.5
277.5
3222.5
986.5
126.5
2435.5
5000.0
476.5
1127.5
739.5
1102.5
558.5
5000.0
5000.0
5000.0
1687.5
5000.0
5000.0
1476.5
1522.5
152.5
2196.5
4081.5
316.5
612.5
1006.5
726.5
608.5
2355.5
1079.5
5000.0
1.5
5.5
2.5
0.5
1.5
1.5
2.5
2.5
2.5
1.5
2.5
1.5
1.5
10.5
2.5
0.5
3.5
0.5
15000.0
1.5
17.5
4.5
1.5
2.5
2.5
1.5
0.5
4.5
0.5
1.5
1398.5
427.5
1832.5
306.5
2146.5
2652.5
399.5
1180.5
3924.5
2664.5
1237.5
256.5
2273.5
865.5
3274.5
1984.5
396.5
271.5
136.5
4087.5
8703.5
1107.5
2513.5
3114.5
2629.5
1948.5
648.5
2111.5
182.5
1715.5
0.748331
6.112283
4.118252
1.32665
100.314705
1.6
1.720465
0.748331
2.638181
2.227106
1.16619
1.720465
2.785678
2.135416
1.720465
2.135416
1.6
1.16619
4.621688
3.249615
0.748331
0.748331
245.267527
3.655133
1.16619
0.4
1.16619
0.979796
1.720465
0.748331
162.260778
121.410708
84.794811
299.256011
132.762043
138.89622
150.093837
229.970781
132.082399
145.610989
99.392957
188.05999
160.096721
306.726849
78.715691
123.82956
103.028928
156.401279
179.593318
382.183411
153.460614
249.517454
197.813447
105.887487
154.066998
131.707859
171.6
360.549248
181.419293
129.579937
2.135416
1000.302474
2.135416
1633.325761
1.469694
4.621688
8.13388
3.655133
2449.738141
1.32665
4000.0
2856.68706
1.939072
0.748331
0.979796
2.638181
3.655133
4.166533
3.1241
4000.0
0.748331
4000.0
4.118252
1.720465
1.16619
1536.98596
5.114685
48.404132
2.135416
1.720465
1185.616026
880.045317
1058.984872
758.19111
865.798914
1608.492512
871.247703
1019.783977
1122.767901
660.328221
927.509871
1309.213871
656.990533
1040.412495
963.306057
1842.438862
1118.565045
1659.935348
1656.71149
352.624673
2005.765131
1180.029389
640.519289
1183.828265
801.407362
1457.985652
799.442656
1379.916577
1149.201009
1439.177737
7.62627
25.482543
1.720465
7.782031
12000.0
2.315167
12000.0
12000.0
0.4
12000.0
6.112283
30.413155
0.748331
3.655133
1.16619
0.979796
3000.31829
4834.448411
0.748331
0.748331
1.720465
0.748331
2.135416
1.16619
2.135416
3.655133
7348.714347
0.748331
3000.301425
3.1241
7787.414914
3151.152576
3038.765434
2544.77397
4714.45112
3910.243951
3552.939256
1868.009143
3050.407946
4960.313603
3547.36964
2618.767756
3028.472315
3477.078222
7429.201884
12000.0
3987.59343
3984.840895
3410.604486
12000.0
3872.493378
3408.92613
4597.602532
2744.107097
1825.739017
4056.620584
12000.0
1942.910332
6103.93095
2809.306633
1.220656
3.448188
1.7
3.238827
1.513275
1.972308
1.044031
1.75784
2.071232
0.943398
2.071232
3.112876
1.3
2.071232
5.243091
2.808914
0.943398
1.75784
100.41235
1.640122
153.062602
3.112876
2.118962
2.947881
2.624881
2.211334
1.868154
2.426932
2.385372
1.920937
96.006719
99.091322
275.004291
300.0
95.40697
202.481999
157.000669
136.602379
179.525179
159.450588
91.529722
143.466686
139.221011
202.396863
300.0
117.91815
133.358952
113.034906
122.426672
136.404142
62.806767
103.969659
119.818571
131.410388
113.181668
156.851809
171.435586
169.36068
101.456838
106.627811
1.220656
1000.403239
2.808914
3.330165
2.385372
3000.0
1.445683
4.988988
3.780212
0.830662
1.445683
3.884585
2.624881
3.884585
1.374773
1.3
3000.0
2000.201012
0.538516
3000.0
3.330165
3000.0
3000.0
3000.0
3000.0
3000.0
3000.0
3000.0
3000.0
2.071232
1107.358609
719.726816
1037.922295
1010.693866
1322.10177
426.75343
888.971591
820.730339
1065.810438
3000.0
3000.0
1055.22599
1384.198544
1244.735028
2072.86625
952.403113
454.158001
2034.39084
900.505464
850.721159
680.477986
1735.139061
744.35065
849.145977
1339.819768
436.213354
828.465624
822.509872
748.24494
874.175663
1.577973
4.721229
9000.0
2.808914
1.135782
6000.200104
9000.0
1.220656
6927.508023
3.112876
1.044031
0.7
8.055433
3.330165
4.229657
4582.882102
3674.603272
2.7
2.118962
1.920937
1.640122
1500.352162
0.7
1.75784
1.513275
1.75784
6.394529
2.7
1.220656
0.943398
2867.069425
2208.628282
955.14255
6007.033219
3981.763053
9000.0
3230.203011
2808.276605
1297.330679
2939.784361
6009.62988
2961.583375
6001.270906
6134.867928
2722.416664
2322.621469
2826.277922
1741.216727
2458.715821
2104.07578
2796.20194
3356.075454
3048.119041
1913.619526
2532.515842
2267.755386
9000.0
9000.0
6468.202261
1059.080776
