------------------------------------------------------
10
10
3.85e-05
------------------------------------------------------
10
20
7.27e-05
------------------------------------------------------
10
30
0.0001134
------------------------------------------------------
10
40
0.00014780000000000001
------------------------------------------------------
10
100
0.0003724
------------------------------------------------------
100
10
4.4e-05
------------------------------------------------------
100
20
7.439999999999999e-05
------------------------------------------------------
100
30
0.00011149999999999999
------------------------------------------------------
100
40
0.0001497
------------------------------------------------------
100
100
0.0004097
------------------------------------------------------
1000
10
4.06e-05
------------------------------------------------------
1000
20
7.390000000000001e-05
------------------------------------------------------
1000
30
0.0001102
------------------------------------------------------
1000
40
0.00015270000000000003
------------------------------------------------------
1000
100
0.0003877
------------------------------------------------------
10000
10
4.7799999999999996e-05
------------------------------------------------------
10000
20
7.46e-05
------------------------------------------------------
10000
30
0.0001228
------------------------------------------------------
10000
40
0.0001566
------------------------------------------------------
10000
100
0.0003955
------------------------------------------------------
1000000
10
0.0008420999999999998
------------------------------------------------------
1000000
20
0.0007924000000000001
------------------------------------------------------
1000000
30
0.00081
------------------------------------------------------
1000000
100
0.0010348
