0 0 -261.588
0 1 -622.794
0 2 -13.1307
0 3 -118.171
0 4 285.728
0 5 -197.468
0 6 -313.737
0 7 -10.5482
0 8 -77.2479
0 9 180.249
1 0 688.4
1 1 1100.61
1 2 588.495
1 3 129.555
1 4 -549.947
1 5 192.901
1 6 128.998
1 7 181.277
1 8 455.247
1 9 -1042.16
2 0 211.085
2 1 -359.249
2 2 369.514
2 3 322.468
2 4 -180.369
2 5 1693.37
2 6 -224.126
2 7 495.921
2 8 -341.828
2 9 -579.621
3 0 24.7064
3 1 86.9309
3 2 113.096
3 3 -5.80779
3 4 -84.4871
3 5 -283.722
3 6 2.03451
3 7 52.2446
3 8 161.916
3 9 -69.3765
4 0 76.4504
4 1 110.147
4 2 109.89
4 3 84.7139
4 4 97.1149
4 5 300.773
4 6 121.425
4 7 83.1148
4 8 -293.608
4 9 -38.2539
5 0 -604.058
5 1 -239.425
5 2 751.048
5 3 -154.741
5 4 1.63858
5 5 550.421
5 6 80.9256
5 7 530.581
5 8 350.59
5 9 -614.199
6 0 -642.546
6 1 -79.7577
6 2 -426.385
6 3 -169.33
6 4 114.27
6 5 142.043
6 6 -392.454
6 7 -246.762
6 8 -337.339
6 9 18.2078
7 0 161.132
7 1 206.37
7 2 538.694
7 3 289.834
7 4 -39.9258
7 5 -76.9532
7 6 505.003
7 7 474.231
7 8 -99.9739
7 9 177.079
8 0 286.245
8 1 -201.238
8 2 326.617
8 3 -357.793
8 4 -598.954
8 5 739.655
8 6 428.492
8 7 3.3197
8 8 183.75
8 9 -600.233
9 0 325.311
9 1 333.134
9 2 366.685
9 3 137.861
9 4 -1265.69
9 5 434.064
9 6 498.643
9 7 421.221
9 8 188.469
9 9 -299.072

